                   x           y           w           h  frame       class     sec   Q_x   Q_y
track-id                                                                                       
12        114.870106   56.582424   14.073448   34.606667     11  pedestrian    0.50   2.0   1.0
20        198.645203   41.582687   13.332458   37.841507     88  pedestrian    4.35   3.0   0.0
22        209.219177   42.225616   15.016693   34.313339    121  pedestrian    6.00   4.0   0.0
26         90.266464   45.989197   13.183502   27.580437    156  pedestrian    7.75   1.0   0.0
30         90.252228   48.313835   13.537903   29.086311    267  pedestrian   13.30   1.0   0.0
33         96.194824   47.437456   11.552917   26.902462    276  pedestrian   13.75   1.0   0.0
35          0.000000   49.106030   10.033493   49.070320    282  pedestrian   14.05   0.0   0.0
36        102.468704   47.836990   11.236755   30.351837    290  pedestrian   14.45   2.0   0.0
40         66.474842   50.349762   15.689384   31.161667    400  pedestrian   19.95   1.0   1.0
44         86.874504   45.770510   12.746887   28.780178    524  pedestrian   26.15   1.0   0.0
46        219.153305   44.647972   14.301727   31.950798    541  pedestrian   27.00   4.0   0.0
47         80.473972   50.003384   13.917259   28.668159    633  pedestrian   31.60   1.0   1.0
53         60.570683   54.093822   12.266045   29.125740    694  pedestrian   34.65   1.0   1.0
56        219.239731   45.121040   15.725555   32.404045    721  pedestrian   36.00   4.0   0.0
61         27.258559   61.557812   12.043459   29.342659    747  pedestrian   37.30   0.0   1.0
65          0.312576   47.841560   20.486603   48.901031    786  pedestrian   39.25   0.0   0.0
69        483.423462  114.717949   28.925049   60.943253    901  pedestrian   45.00   9.0   2.0
70        218.672363   45.236671   14.717346   30.831207    901  pedestrian   45.00   4.0   0.0
74        450.601837   70.755951   21.740662   51.330872    949  pedestrian   47.40   9.0   1.0
76        773.055908  120.321075   26.944092   89.784180   1010  pedestrian   50.45  15.0   2.0
81          0.064054  441.599594   13.684727  157.636749   1069  pedestrian   53.40   0.0   8.0
91        250.865356   82.187160   17.389771   44.902840   1266  pedestrian   63.25   5.0   1.0
92        226.445740   82.770096   19.525757   47.380188   1278  pedestrian   63.85   4.0   1.0
93        364.169861   36.554701    9.752502   22.644855   1279  pedestrian   63.90   7.0   0.0
98         96.914352   79.837181   16.483643   33.645218   1357  pedestrian   67.80   1.0   1.0
104        16.883587   82.055744   13.467838   28.650475   1403  pedestrian   70.10   0.0   1.0
111       210.689171   39.354212   15.420120   30.718166   1531  pedestrian   76.50   4.0   0.0
117         0.000000   76.576908    7.257881   34.961906   1635  pedestrian   81.70   0.0   1.0
120         0.021067   75.698624   10.787168   35.652252   1656  pedestrian   82.75   0.0   1.0
127        61.157120   66.557766   12.601669   28.084908   1708  pedestrian   85.35   1.0   1.0
128        38.122580   72.760994   13.624134   25.949295   1721  pedestrian   86.00   0.0   1.0
129        72.497055   71.488098   13.139542   24.681732   1739  pedestrian   86.90   1.0   1.0
130        95.776634   62.763287   14.201660   33.116219   1741  pedestrian   87.00   1.0   1.0
131       111.362518   64.017445   14.739319   39.627586   1759  pedestrian   87.90   2.0   1.0
133       560.475342  450.795044  159.817017  148.632446   1792  pedestrian   89.55  11.0   9.0
134       722.133545  462.108093   77.866455   93.805115   1795  pedestrian   89.70  14.0   9.0
135       774.563110  469.229370   25.436890  130.770630   1796  pedestrian   89.75  15.0   9.0
136       693.810333  512.907684  105.845154   87.092346   1796  pedestrian   89.75  13.0  10.0
138        97.771622   45.902718   12.252197   28.143921   1806  pedestrian   90.25   1.0   0.0
140       217.060989   53.418617   16.300659   50.282135   1822  pedestrian   91.05   4.0   1.0
141       199.167854   47.928183   13.327255   40.079441   1844  pedestrian   92.15   3.0   0.0
145       215.264404   44.655588   15.125885   33.991558   1850  pedestrian   92.45   4.0   0.0
148       287.855957   59.863659   16.876282   38.060585   1873  pedestrian   93.60   5.0   1.0
149       221.425018   44.637535   12.074554   33.759995   1873  pedestrian   93.60   4.0   0.0
150        10.285615   78.817562   24.138700   36.273628   1880  pedestrian   93.95   0.0   1.0
151        37.817234   72.807755   18.531181   26.473328   1886  pedestrian   94.25   0.0   1.0
152        50.206680   76.811310   18.856361   19.865555   1890  pedestrian   94.45   1.0   1.0
154        64.772179   75.792244   16.514908   18.243790   1894  pedestrian   94.65   1.0   1.0
158       334.105377   80.062424   18.473511   45.605316   1989  pedestrian   99.40   6.0   1.0
162       372.822922   52.068333   10.654449   27.318199   1951  pedestrian   97.50   7.0   1.0
163       323.848206  451.727814   77.995300  130.354431   1967  pedestrian   98.30   6.0   9.0
165       214.894531   40.699570   13.629761   31.963379   1969  pedestrian   98.40   4.0   0.0
173         0.096170  440.766571   21.714352  157.168274   2017  pedestrian  100.80   0.0   8.0
182       216.887505   44.884422   17.484207   33.618248   2161  pedestrian  108.00   4.0   0.0
197         0.000000   48.260719   12.557335   48.341751   2324  pedestrian  116.15   0.0   0.0
200        75.777058   49.353264   14.005272   31.500931   2455  pedestrian  122.70   1.0   0.0
208       218.490936   43.305300   15.749603   34.088940   2720  pedestrian  135.95   4.0   0.0
213       215.377930   45.353195   18.945953   32.923065   2785  pedestrian  139.20   4.0   0.0
225       219.406609   43.289129   14.751175   33.466663   3030  pedestrian  151.45   4.0   0.0
226         0.012041  458.178757   13.101357  139.847931   3033  pedestrian  151.60   0.0   9.0
227       762.057770  469.173218   37.857361  130.826782   3045  pedestrian  152.20  15.0   9.0
232         5.690660   36.581642   15.626863   32.841026   3121  pedestrian  156.00   0.0   0.0
233       757.282715  465.382324   42.634277  134.617676   3126  pedestrian  156.25  15.0   9.0
239       109.601742   47.451416   10.544624   24.972733   3305  pedestrian  165.20   2.0   0.0
247       760.632202  469.191620   39.343262  130.808411   3428  pedestrian  171.35  15.0   9.0
248         0.000000  457.555817   16.041813  141.247986   3395  pedestrian  169.70   0.0   9.0
250       673.376831  315.231201  126.623169  276.496399   3473  pedestrian  173.60  13.0   6.0
251       297.374771   53.277758   15.299164   29.909023   3459  pedestrian  172.90   5.0   1.0
256       216.578423   47.934359   13.252823   32.171459   3520  pedestrian  175.95   4.0   0.0
258       197.852600   41.219210   14.446320   38.618389   3532  pedestrian  176.55   3.0   0.0
260       338.481506   48.995773   11.174622   30.397797   3555  pedestrian  177.70   6.0   0.0
261       219.507057   41.535042   13.675156   32.247078   3566  pedestrian  178.25   4.0   0.0
266       117.593689   46.528112   14.732056   31.683872   3621  pedestrian  181.00   2.0   0.0
267       334.926453   45.284021   11.780090   32.815105   3622  pedestrian  181.05   6.0   0.0
269       330.811966   45.215866    9.879608   29.659233   3647  pedestrian  182.30   6.0   0.0
272        80.456329   47.708588   13.338776   27.534927   3698  pedestrian  184.85   1.0   0.0
277        65.239834   47.738045   14.148232   27.763252   3733  pedestrian  186.60   1.0   0.0
282        63.544533   46.845072   11.570908   28.410397   3821  pedestrian  191.00   1.0   0.0
293       213.357422   43.239967   11.096588   33.185211   4021  pedestrian  201.00   4.0   0.0
299       232.921303   46.443121   11.443405   29.299900   4072  pedestrian  203.55   4.0   0.0
300       241.240906   44.601166   10.323975   24.742249   4093  pedestrian  204.60   4.0   0.0
311         0.075899  252.789780   18.413630  112.443146   4543  pedestrian  227.10   0.0   5.0
371         0.003462   86.391159    9.555925   41.464203   5675  pedestrian  283.70   0.0   1.0
374         6.933045   39.806664   13.581729   29.454628   5766  pedestrian  288.25   0.0   0.0
386       110.933681   52.865566   14.103889   38.496864   6001  pedestrian  300.00   2.0   1.0
388       114.275070   58.063763   17.326126   34.284218   6034  pedestrian  301.65   2.0   1.0
390         0.000000   49.399845   10.139521   37.085991   6054  pedestrian  302.65   0.0   0.0
391         9.426181   37.879013   12.034116   31.689560   6058  pedestrian  302.85   0.0   0.0
393        14.720917   45.412300   12.860085   31.349930   6079  pedestrian  303.90   0.0   0.0
397        70.088211   52.128780   13.672256   39.534004   6158  pedestrian  307.85   1.0   1.0
405        76.728886   48.422186   12.338036   29.491749   6318  pedestrian  315.85   1.0   0.0
412         0.000000   47.070881   12.941599   49.671440   6426  pedestrian  321.25   0.0   0.0
443       782.450836  131.926743   17.522888   87.229462   6835  pedestrian  341.70  15.0   2.0
444       769.022217  141.081230   30.977783   75.625015   6836  pedestrian  341.75  15.0   2.0
445       731.235229  143.118073   35.525757   68.932800   6845  pedestrian  342.20  14.0   2.0
448       627.750458  133.127785   29.474915   64.634018   6872  pedestrian  343.55  12.0   2.0
449       596.410187  130.768349   27.236267   60.422165   6881  pedestrian  344.00  11.0   2.0
450       204.948906   81.662903   17.143021   43.183746   7050  pedestrian  352.45   4.0   1.0
451       109.385075   55.458408   12.257652   36.201683   7064  pedestrian  353.15   2.0   1.0
453        92.320904   62.789574   11.947823   29.362564   7090  pedestrian  354.45   1.0   1.0
457        18.594212   81.911636   13.514629   27.364548   7135  pedestrian  356.70   0.0   1.0
459        43.239182   67.174770   11.345978   29.187386   7151  pedestrian  357.50   0.0   1.0
460       293.588684   54.276115   16.778809   30.030457   7164  pedestrian  358.15   5.0   1.0
466         0.000000   60.762295    8.206082   31.616920   7193  pedestrian  359.60   0.0   1.0
468       310.795609   52.692219   10.684662   30.017937   7213  pedestrian  360.60   6.0   1.0
488       313.791260   52.406536   10.570862   30.043770   7599  pedestrian  379.90   6.0   1.0
491       307.717697   50.189268   11.052521   31.812061   7624  pedestrian  381.15   6.0   1.0
496       113.753494   56.533525   19.851379   35.722607   7867  pedestrian  393.30   2.0   1.0
541         0.000000  192.260712   15.774917   72.154541   8621  pedestrian  431.00   0.0   3.0
542       421.538147   44.689415   10.291077   26.888641   8656  pedestrian  432.75   8.0   0.0
546        73.643108   50.424822   20.578590   36.456142   8690  pedestrian  434.45   1.0   1.0
547        70.121235   65.435547   14.673149   30.959488   8710  pedestrian  435.45   1.0   1.0
548        81.312088   78.609497   13.034439   24.397964   8717  pedestrian  435.80   1.0   1.0
549        89.140949   79.572346   13.833336   29.783897   8721  pedestrian  436.00   1.0   1.0
557       222.851494   62.023819   19.513138   40.658020   8954  pedestrian  447.65   4.0   1.0
558       195.336594   62.163731   15.923004   45.289330   8982  pedestrian  449.05   3.0   1.0
563        88.410465   74.052551   15.033073   35.735626   9064  pedestrian  453.15   1.0   1.0
572         0.046874  232.351669   14.413764  150.627838   9229  pedestrian  461.40   0.0   4.0
580         0.000000   62.596039    9.766961   44.212448   9466  pedestrian  473.25   0.0   1.0
585       321.993866   48.370140   11.211243   32.599564   9515  pedestrian  475.70   6.0   0.0
587        60.736330   57.891476   10.981869   31.046211   9549  pedestrian  477.40   1.0   1.0
588        81.264893   53.062202   15.482788   29.324570   9595  pedestrian  479.70   1.0   1.0
592        86.433037   49.853828   10.769562   25.103401   9657  pedestrian  482.80   1.0   0.0
593         7.320492   39.297607   13.185614   29.397049   9657  pedestrian  482.80   0.0   0.0
595       269.610840   60.731909   21.810486   35.848072   9667  pedestrian  483.30   5.0   1.0
597       236.543732   60.762236   13.305817   37.309879   9695  pedestrian  484.70   4.0   1.0
598       222.625969   61.688679   19.220230   35.612511   9701  pedestrian  485.00   4.0   1.0
599       213.285828   62.973679   15.084686   36.974091   9710  pedestrian  485.45   4.0   1.0
600        84.346817   48.544304   10.523376   25.496025   9728  pedestrian  486.35   1.0   0.0
605       117.310940   64.841778   22.985420   49.971657   9778  pedestrian  488.85   2.0   1.0
606        87.913986   48.881395   13.480682   25.674099   9783  pedestrian  489.10   1.0   0.0
612        15.081521   82.740673   13.125006   28.050728   9850  pedestrian  492.45   0.0   1.0
614        86.425873   47.156532   11.874435   28.747543   9875  pedestrian  493.70   1.0   0.0
617        74.655544   49.508760   13.758034   30.346737   9913  pedestrian  495.60   1.0   0.0
618         6.962793   39.092882   13.189531   29.845272   9933  pedestrian  496.60   0.0   0.0
624         0.025707  506.683350   14.333720   92.870483  10007  pedestrian  500.30   0.0  10.0
626        83.297806   52.675632   12.702042   29.518700  10020  pedestrian  500.95   1.0   1.0
628        82.165104   53.881451   12.734184   26.548500  10028  pedestrian  501.35   1.0   1.0
640       519.431183  405.558151   79.414246  157.631378  10187  pedestrian  509.30  10.0   8.0
643       210.533676   58.774015   14.674530   37.430882  10201  pedestrian  510.00   4.0   1.0
645       292.567810   58.697941   12.278259   36.303734  10216  pedestrian  510.75   5.0   1.0
648       279.871292   59.160225   15.101532   36.908737  10232  pedestrian  511.55   5.0   1.0
649       258.731628   64.898117   15.838013   32.990936  10241  pedestrian  512.00   5.0   1.0
650       268.417709   62.096905   15.804230   34.471779  10247  pedestrian  512.30   5.0   1.0
655         6.589656   38.987968   14.615697   29.259682  10381  pedestrian  519.00   0.0   0.0
661       282.929794   57.612780   21.060089   38.873180  10538  pedestrian  526.85   5.0   1.0
662         7.364729   37.954247   14.142590   30.879341  10564  pedestrian  528.15   0.0   0.0
663       783.368286  127.518257   16.631714   84.910141  10582  pedestrian  529.05  15.0   2.0
672         0.003304  198.710167   16.629185   75.187576  10784  pedestrian  539.15   0.0   3.0
674         7.332397   39.064964   13.724117   29.881859  10801  pedestrian  540.00   0.0   0.0
675       294.142227   90.827087   21.014862   47.796295  10804  pedestrian  540.15   5.0   1.0
676       285.677811   57.392284   22.107025   75.605751  10805  pedestrian  540.20   5.0   1.0
677       275.430801   79.804749   23.319794   54.159912  10819  pedestrian  540.90   5.0   1.0
678       221.841225   72.293121   22.856064   61.639420  10856  pedestrian  542.75   4.0   1.0
679       302.657166  206.943077   28.738953   79.559525  10884  pedestrian  544.15   6.0   4.0
681       114.953735   63.037903   18.824600   32.699646  10973  pedestrian  548.60   2.0   1.0
685         7.273239   39.663078   13.692288   29.429817  11001  pedestrian  550.00   0.0   0.0
690       270.868149   62.556517   22.159576   35.682606  11081  pedestrian  554.00   5.0   1.0
693         6.935099   38.879709   13.825079   29.882641  11123  pedestrian  556.10   0.0   0.0
694         7.666821   83.411697   18.098339   35.464859  11149  pedestrian  557.40   0.0   1.0
702       268.041077   59.116270   25.677490   37.127537  11210  pedestrian  560.45   5.0   1.0
705       259.577972   61.195484   13.418152   35.018669  11224  pedestrian  561.15   5.0   1.0
706        95.615250   80.252548   16.173477   43.360519  11226  pedestrian  561.25   1.0   1.0
707       279.915771   60.308300   16.458191   33.636971  11226  pedestrian  561.25   5.0   1.0
708       246.737541   62.234310   24.233780   33.705177  11233  pedestrian  561.60   4.0   1.0
712       103.590149   48.062407   10.036697   26.984409  11255  pedestrian  562.70   2.0   0.0
713         7.855770   39.672050   13.303173   29.250710  11281  pedestrian  564.00   0.0   0.0
715       219.641632   84.777264   17.947083   50.844215  11334  pedestrian  566.65   4.0   1.0
719       532.207397  249.600594   20.707275  126.130600  11354  pedestrian  567.65  10.0   4.0
720         7.065125   38.188881   14.235683   31.609856  11401  pedestrian  570.00   0.0   0.0
721        88.434074   49.562386   10.578690   29.875626  11406  pedestrian  570.25   1.0   0.0
723       314.294479   89.506580   15.346466   36.909355  11411  pedestrian  570.50   6.0   1.0
725        75.815464   49.202206   15.863152   32.394661  11421  pedestrian  571.00   1.0   0.0
743         7.308989   38.417999   13.812361   31.084534  11697  pedestrian  584.80   0.0   0.0
771         7.422794   39.178566   13.368917   29.091560  12312  pedestrian  615.55   0.0   0.0
796       365.909119   25.499212    7.198486   17.083469  12626  pedestrian  631.25   7.0   0.0
801         0.156391  190.398499   16.054569   74.407928  12661  pedestrian  633.00   0.0   3.0
808       749.305664  184.999008   32.902832   63.733368  12846  pedestrian  642.25  14.0   3.0
810       231.605522   46.538345    9.527359   24.823318  12945  pedestrian  647.20   4.0   0.0
818       773.168243  468.172852   26.831726  131.827148  13086  pedestrian  654.25  15.0   9.0
825       369.132950   35.129211    9.391327   21.522484  13147  pedestrian  657.30   7.0   0.0
831       768.919617  476.434799   31.049194  123.565216  13197  pedestrian  659.80  15.0   9.0
836         0.060445  278.096024   14.511049  107.717743  13250  pedestrian  662.45   0.0   5.0
837         6.118641   37.084047   14.083408   31.183651  13275  pedestrian  663.70   0.0   0.0
838       106.160706   44.377205   12.786697   30.936028  13278  pedestrian  663.85   2.0   0.0
839       369.919434   35.737415    9.065857   21.928749  13288  pedestrian  664.35   7.0   0.0
841       388.167969   31.599906    9.829407   25.093401  13310  pedestrian  665.45   7.0   0.0
842       372.983047   28.744320   18.670868   32.239494  13381  pedestrian  669.00   7.0   0.0
843        89.669174   45.393478   11.755463   29.455109  13434  pedestrian  671.65   1.0   0.0
844       367.730118   37.753685   10.035858   25.793068  13436  pedestrian  671.75   7.0   0.0
848        89.292694   45.562571    9.040268   26.730206  13499  pedestrian  674.90   1.0   0.0
852         7.154459   36.728266   13.548956   31.848843  13529  pedestrian  676.40   0.0   0.0
855        75.973236   46.494772   14.958618   27.703190  13532  pedestrian  676.55   1.0   0.0
860        75.244972   49.693462   15.737503   32.056496  13599  pedestrian  679.90   1.0   0.0
864         0.000000   46.031101   13.945543   42.348198  13685  pedestrian  684.20   0.0   0.0
869       341.551361   55.195953   12.118530   30.987549  13719  pedestrian  685.90   6.0   1.0
870       344.012619   54.779705   19.420319   40.294746  13792  pedestrian  689.55   6.0   1.0
878       320.781403   60.388409   11.416626   38.719246  13846  pedestrian  692.25   6.0   1.0
888       293.308762   79.187782   15.589630   41.887955  13938  pedestrian  696.85   5.0   1.0
892       759.774200  414.578613   40.225769  178.668945  13992  pedestrian  699.55  15.0   8.0
902       157.178581  423.656860  200.664810  147.833069  14089  pedestrian  704.40   3.0   8.0
903       264.203766  134.586884   21.444092   67.817688  14140  pedestrian  706.95   5.0   2.0
904       234.232361  140.729469   41.318848   72.707870  14156  pedestrian  707.75   4.0   2.0
907         0.919403   92.411423   16.689545   33.259811  14381  pedestrian  719.00   0.0   1.0
910         5.522053   78.330799   18.906355   39.878349  14352  pedestrian  717.55   0.0   1.0
914        40.111313   77.709690   12.339783   20.333763  14378  pedestrian  718.85   0.0   1.0
916        52.855207   76.677769   11.549610   19.532524  14390  pedestrian  719.45   1.0   1.0
918        68.012707   71.883930   11.924721   23.094475  14402  pedestrian  720.05   1.0   1.0
919        78.265198   73.710590   12.593460   22.318840  14410  pedestrian  720.45   1.0   1.0
920        86.341797   74.399139   18.556519   45.826263  14420  pedestrian  720.95   1.0   1.0
940         0.000000   69.885498    8.242702   50.058578  14865  pedestrian  743.20   0.0   1.0
941        10.302387   70.071190   14.547597   32.190628  14877  pedestrian  743.80   0.0   1.0
944         0.148968  454.401245   32.336399  145.598755  14890  pedestrian  744.45   0.0   9.0
946       223.809738   47.229263   11.277618   27.105217  14895  pedestrian  744.70   4.0   0.0
950        67.482338   57.741283   13.595963   31.839333  14927  pedestrian  746.30   1.0   1.0
958        79.469727   53.161846   16.351242   39.100380  15050  pedestrian  752.45   1.0   1.0
967         0.218800  181.935852   16.103401   84.814514  15149  pedestrian  757.40   0.0   3.0
975       464.696289  194.152611   34.470337   77.784195  15266  pedestrian  763.25   9.0   3.0
979         0.129559   81.470573   17.698164   42.663712  15282  pedestrian  764.05   0.0   1.0
981       552.172668  192.870789   37.887085   79.714722  15285  pedestrian  764.20  11.0   3.0
983       653.128326  192.851898   33.733337   79.743958  15305  pedestrian  765.20  13.0   3.0
984       782.489990  193.640007   17.510010   79.601089  15332  pedestrian  766.55  15.0   3.0
985        90.288273   76.942104   15.361748   42.792091  15336  pedestrian  766.75   1.0   1.0
988       104.851517   74.958992   15.709717   42.705002  15345  pedestrian  767.20   2.0   1.0
991       231.018494   91.913849   18.948883   51.165512  15384  pedestrian  769.15   4.0   1.0
998       268.813828   58.639988   12.048615   32.500694  15487  pedestrian  774.30   5.0   1.0
1002      117.666965   78.507572   18.094444   42.227531  15501  pedestrian  775.00   2.0   1.0
1005      294.910446   54.130003   12.678741   37.572727  15517  pedestrian  775.80   5.0   1.0
1009      316.177948   51.064007   13.708862   36.604713  15541  pedestrian  777.00   6.0   1.0
1027      387.840210   47.563751   12.215881   30.010567  15637  pedestrian  781.80   7.0   0.0
1031      234.977798   91.868912   16.713715   48.853104  15661  pedestrian  783.00   4.0   1.0
1032        5.744753   36.085846   15.694750   33.354012  15661  pedestrian  783.00   0.0   0.0
1036      422.640320   45.806410   11.570251   25.390583  15708  pedestrian  785.35   8.0   0.0
1037       61.543324   58.236301   14.593010   33.033318  15709  pedestrian  785.40   1.0   1.0
1038        6.016411   34.823767   15.374615   34.947712  15724  pedestrian  786.15   0.0   0.0
1045      120.952438   56.671947   19.226990   63.494759  15836  pedestrian  791.75   2.0   1.0
1046      116.780029   74.654167   20.106430   44.864792  15840  pedestrian  791.95   2.0   1.0
1054        6.490549   36.906784   14.867922   32.916122  15918  pedestrian  795.85   0.0   0.0
1055       29.635845   75.092865   17.684830   31.070404  15929  pedestrian  796.40   0.0   1.0
1062        5.810177   36.416557   15.407207   32.887604  16053  pedestrian  802.60   0.0   0.0
1068        1.304001   81.113052   16.330173   35.926895  16117  pedestrian  805.80   0.0   1.0
1069       59.329712   54.978252   14.240585   25.124336  16141  pedestrian  807.00   1.0   1.0
1071        6.448446   37.240234   14.808515   32.806816  16164  pedestrian  808.15   0.0   0.0
1073      105.456448   73.694778   16.369606   40.773224  16176  pedestrian  808.75   2.0   1.0
1077       80.901276   47.738533   12.676315   28.362526  16186  pedestrian  809.25   1.0   0.0
1079      102.529148   51.433064   12.995110   37.303520  16212  pedestrian  810.55   2.0   1.0
1083       87.053730   48.291824   10.922722   24.555237  16249  pedestrian  812.40   1.0   0.0
1084        0.026700  281.941299   14.807356   91.107880  16252  pedestrian  812.55   0.0   5.0
1089      779.541016  120.208138   20.458984   76.597275  16264  pedestrian  813.15  15.0   2.0
1092      269.157059   64.758030   15.555634   35.506554  16285  pedestrian  814.20   5.0   1.0
1095      681.174805  112.655251   23.740234   61.504623  16311  pedestrian  815.50  13.0   2.0
1102       74.081306   47.755402   19.136581   33.552658  16381  pedestrian  819.00   1.0   0.0
1103       93.958954   42.885782   12.965424   30.416912  16393  pedestrian  819.60   1.0   0.0
1110        0.395620   79.114040   17.610853   40.666145  16442  pedestrian  822.05   0.0   1.0
1119       91.250191   72.476650   23.204575   56.158577  16508  pedestrian  825.35   1.0   1.0
1120      257.061325   58.610916   16.354767   38.241913  16510  pedestrian  825.45   5.0   1.0
1121      110.253330   65.460358   14.780754   42.827301  16514  pedestrian  825.65   2.0   1.0
1122       20.552429   57.181795   13.309135   28.697323  16515  pedestrian  825.70   0.0   1.0
1124      512.344238   90.218884   11.556030   28.108253  16517  pedestrian  825.80  10.0   1.0
1125        0.000000   47.381252   12.435579   42.034859  16519  pedestrian  825.90   0.0   0.0
1127      505.521561   71.870270   14.143890   44.586426  16523  pedestrian  826.10  10.0   1.0
1131       78.072144   46.737411   16.536636   31.271835  16538  pedestrian  826.85   1.0   0.0
1132      478.703003   64.216412   16.652588   45.961311  16550  pedestrian  827.45   9.0   1.0
1136      235.944092   59.055645   15.243622   38.364418  16567  pedestrian  828.30   4.0   1.0
1139       46.311790   52.948320   11.506119   29.720684  16587  pedestrian  829.30   0.0   1.0
1141      213.945320   62.112442   23.514023   81.245392  16596  pedestrian  829.75   4.0   1.0
1142       32.361870   58.571184   12.554482   27.704739  16603  pedestrian  830.10   0.0   1.0
1143      231.998016   61.939316   15.718079   37.491531  16611  pedestrian  830.50   4.0   1.0
1144       18.397876   50.425983   14.488359   36.686913  16614  pedestrian  830.65   0.0   1.0
1146      254.432747   60.435745   19.279282   38.415176  16631  pedestrian  831.50   5.0   1.0
1148        0.000000   46.293556   16.233696   47.745819  16635  pedestrian  831.70   0.0   0.0
1151      268.259399   62.561476   13.758240   34.877949  16642  pedestrian  832.05   5.0   1.0
1152      287.945984   58.540195   15.271362   37.088280  16642  pedestrian  832.05   5.0   1.0
1154      447.899460   49.824032   14.325104   37.019295  16668  pedestrian  833.35   8.0   0.0
1157      470.135651   51.297104   12.912292   41.044327  16686  pedestrian  834.25   9.0   1.0
1158      310.260071   55.112423   11.571899   34.546394  16697  pedestrian  834.80   6.0   1.0
1160      117.765579   66.913132   16.156921   38.700287  16704  pedestrian  835.15   2.0   1.0
1164      394.487366   36.904337   11.086609   28.717266  16908  pedestrian  845.35   7.0   0.0
1165       45.725662   74.955856   15.419250   23.231094  16766  pedestrian  838.25   0.0   1.0
1166      769.595001  441.339844   30.249207  157.672241  16771  pedestrian  838.50  15.0   8.0
1171       32.562262   75.414948   13.404713   25.088455  16777  pedestrian  838.80   0.0   1.0
1174      288.367554   59.434269   16.296509   32.323753  16826  pedestrian  841.25   5.0   1.0
1177      405.150009   35.138842   11.979767   29.859356  16905  pedestrian  845.20   8.0   0.0
1178       86.693115   77.603920   19.693542   44.730255  16921  pedestrian  846.00   1.0   1.0
1179       42.550489   70.199978   15.162373   27.288765  16926  pedestrian  846.25   0.0   1.0
1180       62.206972   60.222664   12.622524   30.640381  16968  pedestrian  848.35   1.0   1.0
1182       78.947231   61.359261   13.872017   26.837830  16991  pedestrian  849.50   1.0   1.0
1193      306.067627   53.579712   12.548462   35.978119  17164  pedestrian  858.15   6.0   1.0
1199      312.932846  418.014832   66.951935  175.648193  17227  pedestrian  861.30   6.0   8.0
1206       78.341518   49.814529   14.516945   28.529739  17335  pedestrian  866.70   1.0   0.0
1207       76.521988   61.362118   14.063858   29.396400  17379  pedestrian  868.90   1.0   1.0
1208      304.784195   53.636152   14.415741   35.842915  17401  pedestrian  870.00   6.0   1.0
1212      103.487457   99.018082   17.305023   40.114746  17467  pedestrian  873.30   2.0   1.0
1216      304.727585   51.413773   14.188385   37.023804  17490  pedestrian  874.45   6.0   1.0
1218      301.457794   52.861645   15.689392   37.029762  17524  pedestrian  876.15   6.0   1.0
1229      313.829941   52.851322   15.643463   43.161095  17686  pedestrian  884.25   6.0   1.0
1231      268.955017   61.799145   19.411011   36.445656  17745  pedestrian  887.20   5.0   1.0
1236      234.646523   59.878052   14.244308   38.244705  17772  pedestrian  888.55   4.0   1.0
1241      117.890976   57.477396   11.003357   29.136074  17916  pedestrian  895.75   2.0   1.0
1246      111.533524   54.112885   11.031311   30.443970  17935  pedestrian  896.70   2.0   1.0